,one-digit ZIP,Year,HPI with 2000 base,HPI,Annual Change (%),Percent change since 2000,HPI year by year percent change since 2000,Percent change since 2010,zip,employment_by_thosands,percent_change,employment percent change since 2000,employment percent change since 2010
0,southeast,2000,100.0,249.9155555555556,4.729444444444444,0.0,-42.23384880630376,-21.887340715268948,3,3374.738333333333,,0.0,1.4354860363853468
1,southeast,2001,105.87566666666666,263.37142857142857,5.875666666666666,5.87566666666666,5.875666666666657,-17.297701231229105,3,3372.95,-0.0529917628181664,-0.0529917628181701,1.3817335842114875
2,southeast,2002,110.32588888888888,275.2104395604396,4.1548351648351645,10.325888888888883,4.203253081969316,-13.821514309371272,3,3348.611666666667,-0.7215740919175317,-0.7741834799043511,0.6501892607309666
3,southeast,2003,114.74966666666666,286.6473626373626,3.829340659340659,14.749666666666656,4.009736810036513,-10.365983846302074,3,3355.396666666667,0.2026212853386555,-0.5731308550835668,0.8541279679068395
4,southeast,2004,123.19633333333331,308.90758241758243,6.89032967032967,23.196333333333328,7.360950939581534,-3.7680678920517865,3,3431.6983333333337,2.273998404560218,1.6878345629760083,3.147549228830161
5,southeast,2005,138.83722222222224,350.0306593406593,11.51956043956044,38.83722222222224,12.695904549828786,8.449446354829364,3,3529.4300000000003,2.847909611324617,4.583812177042874,6.085098197163803
6,southeast,2006,153.346,388.02109890109887,9.503076923076923,53.346,10.450207477181506,19.78263850676368,3,3604.5016666666666,2.127019565954446,6.808330324869631,8.341548992379472
7,southeast,2007,155.70777777777778,393.3501098901099,2.4136263736263737,55.70777777777778,1.540162624246988,21.627485935381728,3,3628.8583333333336,0.6757290998617105,7.530065293951196,9.073644366161911
8,southeast,2008,147.21266666666665,369.3423076923077,-3.868131868131868,47.21266666666665,-5.455803963264527,14.991728737300164,3,3554.9833333333336,-2.035764232552484,5.341006685456611,6.853162127014095
9,southeast,2009,136.19022222222222,339.0804395604396,-6.529120879120879,36.19022222222222,-7.487429372774379,6.3818042635625165,3,3351.1866666666665,-5.732703857027,-0.6978812678316314,0.7275867804034433
10,southeast,2010,128.02022222222223,317.63274725274727,-5.755164835164836,28.02022222222223,-5.998962235826999,0.0,3,3326.98,-0.7223311941242594,-1.4151714478603985,0.0
11,southeast,2011,122.08822222222224,302.08252747252743,-4.629340659340659,22.088222222222228,-4.633642948770245,-4.633642948770248,3,3360.7333333333336,1.0145337012345657,-0.4149951378946315,1.0145337012345597
12,southeast,2012,119.91866666666668,296.6062637362637,-1.793296703296703,19.918666666666667,-1.7770391902394822,-6.328340487874318,3,3415.866666666667,1.6405149669714847,1.2187117717274936,2.671692245419773
13,southeast,2013,122.82811111111111,304.98406593406594,2.374065934065934,22.828111111111117,2.4261814489079603,-4.055696061906891,3,3483.271666666667,1.973291307232916,3.216051812412136,4.6977038234875765
14,southeast,2014,128.59755555555557,321.2442857142857,4.619010989010989,28.59755555555557,4.697169395713807,0.4509704196038545,3,3572.036666666667,2.5483226258072422,5.8463298142127655,7.36573909872217
15,southeast,2015,134.53633333333337,337.47516483516483,4.377692307692308,34.536333333333346,4.618110936962672,5.089907670836729,3,3674.408333333333,2.865918696243308,8.87979956964565,10.442753888912264
16,southeast,2016,141.48644444444446,356.31054945054944,4.872527472527472,41.48644444444446,5.165973338883267,10.518824282969188,3,3774.725,2.730144762535458,11.85237571505544,13.458000949810335
17,southeast,2017,149.15044444444445,376.8535164835165,5.104175824175824,49.150444444444446,5.416773338317449,16.505378490550964,3,3843.515,1.82238441210949,13.89075597466075,15.525641873410716
18,southeast,2018,157.89755555555556,400.25384615384615,5.520769230769231,57.89755555555556,5.864622893811911,23.33797959003004,3,3918.908333333333,1.961572501559972,16.124805725678474,17.7917610966502
19,southeast,2019,165.79266666666666,420.9841758241758,4.925934065934066,65.79266666666666,5.000147775139707,29.505060832403203,3,3990.953333333333,1.838394620951012,18.259637907729147,19.957238496574472
20,southeast,2020,173.06688888888888,439.7014285714286,4.185604395604395,73.06688888888888,4.387541601491551,35.18714925246184,3,3810.5316666666654,-4.520766132736886,12.91339624849926,14.53425228485492
