,one-digit ZIP,Year,HPI with 2000 base,HPI,Annual Change (%),Percent change since 2000,HPI year by year percent change since 2000,Percent change since 2010,zip,employment_by_thosands,percent_change,employment percent change since 2000,employment percent change since 2010
0,mid atlantic,2000,100.0,275.4767032967033,5.145604395604396,0.0,-44.308923044793616,-30.68282747031929,2,2182.15,,0.0,-1.3336598875272023
1,mid atlantic,2001,106.09131868131868,291.3208695652174,6.091318681318681,6.091318681318683,6.091318681318692,-26.46049759065695,2,2175.204166666667,-0.3183022859717832,-0.3183022859717807,-1.6477171035898952
2,mid atlantic,2002,111.5721978021978,305.84376344086024,5.073913043478261,11.572197802197806,5.166190022901684,-22.66130715429392,2,2161.7583333333337,-0.6181412089669713,-0.9344759373400738,-2.255673094132378
3,mid atlantic,2003,116.24373626373628,319.8721505376344,4.015806451612903,16.243736263736267,4.187009446403889,-19.423128779118915,2,2155.3708333333334,-0.2954770614970181,-1.227191836797044,-2.544485159053876
4,mid atlantic,2004,127.12637362637362,352.6859139784946,8.905913978494624,27.126373626373624,9.361912918857485,-11.879592262680086,2,2189.6416666666664,1.590020278799642,0.3433158429377602,-0.994922710274229
5,mid atlantic,2005,144.52923076923076,405.1645161290323,12.480430107526882,44.529230769230765,13.689415222371103,0.1835762481280634,2,2231.597222222222,1.916092308355899,2.265986399753549,0.902105960556012
6,mid atlantic,2006,157.94,444.2733333333333,8.796989247311828,57.940000000000005,9.278932129779438,9.479542293377708,2,2278.7569444444443,2.1132721331881044,4.4271449920694845,3.0344420476203817
7,mid atlantic,2007,162.0223076923077,454.2343010752688,2.9510752688172044,62.022307692307685,2.5847205852271182,12.30928255964706,2,2313.3583333333336,1.5184326249996438,6.012800830984739,4.598950630657791
8,mid atlantic,2008,158.26846153846154,441.22591397849465,-1.5166666666666668,58.26846153846154,-2.3168699466835085,9.707222544686736,2,2310.0791666666664,-0.1417491885894795,5.862528546005835,4.450682466865722
9,mid atlantic,2009,150.59131868131868,418.2133333333333,-4.239032258064516,50.59131868131869,-4.850709220596805,4.385644185050965,2,2217.1833333333334,-4.021326830429683,1.6054502822140229,0.2503791482587398
10,mid atlantic,2010,144.2643956043956,400.4393548387097,-4.0364516129032255,44.26439560439559,-4.201386329787127,0.0,2,2211.645833333333,-0.249753816779541,1.351686792078152,0.0
11,mid atlantic,2011,140.05395604395605,388.12827956989247,-2.847956989247312,40.05395604395605,-2.918557654367804,-2.9185576543678056,2,2239.204166666666,1.246055445134142,2.614585004086148,1.246055445134147
12,mid atlantic,2012,138.13615384615383,382.83806451612907,-1.4610752688172042,38.13615384615383,-1.369330972129279,-4.247923912596377,2,2270.6277777777777,1.4033383636423702,4.054614842140899,2.66688018287034
13,mid atlantic,2013,139.819010989011,388.43666666666667,1.1331182795698924,39.81901098901099,1.2182597357759173,-3.0814149234540245,2,2298.365277777778,1.221578467041673,5.325723611015642,3.921036683967758
14,mid atlantic,2014,143.1376923076923,399.4698924731183,2.164838709677419,43.13769230769231,2.3735551376072417,-0.7809988680734151,2,2328.298611111112,1.302374936775741,6.697459437303195,5.274478219777275
15,mid atlantic,2015,146.4535164835165,409.8503225806452,2.410430107526881,46.453516483516495,2.3165276192216533,1.5174366966635018,2,2375.4416666666666,2.024785623741665,8.857854256887315,7.406060720240385
16,mid atlantic,2016,150.67604395604397,422.18,2.6533333333333333,50.67604395604397,2.8831861288921123,4.444373349908537,2,2415.75,1.6968774227950512,10.705038608711586,9.228609915315698
17,mid atlantic,2017,155.44021978021976,436.747311827957,3.0621505376344085,55.44021978021977,3.161866809806635,7.74676532556981,2,2447.779166666667,1.325847735347918,12.17281885602122,10.676814966229916
18,mid atlantic,2018,161.31692307692308,454.35870967741937,3.789784946236559,61.31692307692308,3.780683857120448,11.820329888803078,2,2487.459722222222,1.621083964432568,13.991234434948185,12.470979065992184
19,mid atlantic,2019,167.2814285714286,471.9527956989247,3.664516129032258,67.28142857142859,3.697383622709794,15.954756452971752,2,2518.7055555555557,1.2561342422630073,15.42311736386386,13.88376554664856
20,mid atlantic,2020,173.11175824175825,488.23838709677415,3.346021505376344,73.11175824175825,3.485341869758196,19.99617612960333,2,2388.965277777778,-5.151069663208818,9.477592181003953,8.017533448255284
