,one-digit ZIP,Year,HPI with 2000 base,HPI,Annual Change (%),Percent change since 2000,HPI year by year percent change since 2000,Percent change since 2010,zip,employment_by_thosands,percent_change,employment percent change since 2000,employment percent change since 2010
0,midwest,2000,100.0,275.9977419354839,4.994623655913978,0.0,-42.21887234351266,-9.639344389720652,4,3781.5125,,0.0,12.342800626105186
1,midwest,2001,104.48236559139784,282.6115625,4.4823655913978495,4.482365591397851,4.482365591397852,-5.589049454483979,4,3710.5791666666655,-1.87579264469796,-1.8757926446979571,10.235482635113014
2,midwest,2002,107.15,289.8695833333333,2.5425,7.150000000000007,2.5531910514301925,-3.178557513585674,4,3654.8333333333335,-1.5023485776591403,-3.34996027823964,8.579361429668708
3,midwest,2003,109.30817204301076,295.49510416666664,2.0247916666666668,9.308172043010757,2.0141596295014,-1.2284191063233998,4,3622.241666666667,-0.8917415294815045,-4.211828820698953,7.611114171354524
4,midwest,2004,113.2263440860215,305.6844791666667,3.545208333333333,13.226344086021498,3.5845188605560185,2.312066839679783,4,3632.933333333334,0.2951671271703482,-3.929093627660001,7.928746805570107
5,midwest,2005,117.86763440860216,317.75385416666666,4.114375,17.867634408602157,4.099125835110007,6.505967203940116,4,3648.7916666666665,0.4365159467097035,-3.509728801196181,8.399872996460369
6,midwest,2006,119.74215053763442,322.028125,1.7810416666666666,19.742150537634416,1.5903569613809454,8.199792267654095,4,3645.558333333333,-0.0886138105080536,-3.5952325072749947,8.303815738412315
7,midwest,2007,119.6836559139785,320.1634375,-0.0892708333333333,19.683655913978495,-0.0488504869782913,8.146936142221842,4,3636.395833333334,-0.2513332434217585,-3.837529736227669,8.031612245567436
8,midwest,2008,117.73129032258063,312.894375,-1.7259375,17.731290322580648,-1.6312716857522225,6.382765793925237,4,3582.7041666666664,-1.4765077600875642,-5.257376071964163,6.436517107413925
9,midwest,2009,114.02279569892474,301.52833333333336,-3.2192708333333333,14.02279569892474,-3.1499651566671227,3.031745738717796,4,3374.7208333333333,-5.805205332564201,-10.757379928445744,0.2576587404987242
10,midwest,2010,110.66763440860215,291.1740625,-3.12375,10.667634408602154,-2.9425355427890376,0.0,4,3366.0479166666664,-0.2569965663826612,-10.98673039777956,0.0
11,midwest,2011,108.38989247311828,284.07187500000003,-2.2027083333333333,8.38989247311828,-2.0581825460134984,-2.0581825460134944,4,3423.708333333333,1.7130004710024238,-9.461932670238872,1.7130004710024176
12,midwest,2012,107.80892473118278,282.12656250000003,-0.5630208333333334,7.808924731182784,-0.5359980794146235,-2.5831488065106445,4,3488.722916666667,1.898952159573564,-7.742658085444202,3.644481690013592
13,midwest,2013,108.82397849462365,285.735625,1.1701041666666667,8.823978494623645,0.9415303658503849,-1.6659395710686684,4,3537.4541666666664,1.3968220223852024,-6.453987216314474,5.092210635246701
14,midwest,2014,111.49860215053764,294.578125,2.942083333333333,11.49860215053765,2.4577521359836485,0.7508678995228479,4,3591.7187500000005,1.534001029459775,-5.018990417194173,6.704326228273411
15,midwest,2015,114.9689247311828,304.2055208333333,2.955208333333333,14.968924731182796,3.112435953196746,3.886674135185367,4,3647.99375,1.5667986253099508,-3.530829264745262,8.37616814476424
16,midwest,2016,118.6005376344086,315.1333333333333,3.1595833333333334,18.60053763440861,3.1587778277627265,7.168223363767713,4,3697.775,1.364619936643252,-2.214391728177565,9.8550909418377
17,midwest,2017,123.89075268817204,330.27,4.5078125,23.890752688172043,4.460532101524484,11.948496369542044,4,3732.8666666666654,0.948994102309264,-1.2864120727707218,10.897609275962228
18,midwest,2018,130.4840860215054,348.5825,5.167083333333333,30.48408602150539,5.321893030974234,17.90627559611314,4,3764.714583333333,0.8531758434090042,-0.4442115864133024,11.84376088922283
19,midwest,2019,136.26817204301076,365.1134375,4.4340625000000005,36.268172043010765,4.432790386830843,23.13281364620792,4,3785.795833333333,0.5599694089248652,0.1132703735167568,12.47005173599356
20,midwest,2020,141.56623655913978,379.3042708333333,3.8723958333333335,41.56623655913978,3.887969168953687,27.920179477637674,4,3533.2833333333333,-6.669997831807706,-6.564282589748598,4.968301723769784
