,one-digit ZIP,Year,HPI with 2000 base,HPI,Annual Change (%),Percent change since 2000,HPI year by year percent change since 2000,Percent change since 2010,zip,employment_by_thosands,percent_change,employment percent change since 2000,employment percent change since 2010
0,south central,2000,100.0,223.05922222222225,4.005333333333334,0.0,-33.704332113544446,-27.28559551885364,7,3510.897916666667,,0.0,-6.273998353762968
1,south central,2001,104.884,234.13766666666663,4.884,4.884,4.884,-23.73422400399445,7,3533.95625,0.6567645622469476,0.6567645622469448,-5.658439189339496
2,south central,2002,108.19877777777778,240.048021978022,3.159222222222222,8.198777777777778,3.1604227315680022,-21.323903083009963,7,3497.7625000000003,-1.0241708566708918,-0.3741326856674205,-6.624657960890726
3,south central,2003,111.08833333333334,246.4486813186813,2.65021978021978,11.088333333333338,2.670599072283641,-19.22277996863585,7,3481.31875,-0.4701219708313608,-0.8424957765433998,-7.063635959155512
4,south central,2004,115.39566666666668,255.84791208791208,3.843626373626373,15.39566666666667,3.8773948659475135,-16.090728186284615,7,3522.9083333333333,1.1946502552612648,0.3420896007728274,-5.953371448911022
5,south central,2005,121.86677777777778,270.1353846153846,5.568681318681318,21.866777777777784,5.607759197582052,-11.385298278526877,7,3592.333333333333,1.970672905199078,2.3195039730458324,-4.100020021801497
6,south central,2006,130.24922222222222,288.7147252747253,6.828681318681318,30.249222222222212,6.878367178731581,-5.290053719786168,7,3679.725,2.432727104017829,4.80865827889471,-1.7670352161241984
7,south central,2007,136.7168888888889,302.6421978021978,4.884835164835165,36.71688888888889,4.965608666462495,-0.5871284192938874,7,3786.8208333333337,2.9104303537175635,7.859041282767769,1.091966808302399
8,south central,2008,139.27144444444446,307.6936263736264,1.848351648351648,39.271444444444455,1.8685003559667512,1.270401440068383,7,3851.339583333333,1.7037708632020587,9.696712201472648,2.814342283820154
9,south central,2009,139.01211111111112,306.9158241758242,-0.1552747252747252,39.012111111111125,-0.1862071111330965,1.0818287511139453,7,3744.704166666667,-2.768787699950692,6.659443126787962,-0.0323685791194638
10,south central,2010,137.52433333333337,303.35527472527474,-1.058131868131868,37.52433333333335,-1.070250473779666,0.0,7,3745.916666666666,0.032379059761034,6.6939784516187775,0.0
11,south central,2011,136.4621111111111,300.87934065934064,-0.7443956043956044,36.46211111111111,-0.7723885631552907,-0.7723885631552951,7,3815.3229166666665,1.8528508820716103,8.67085877247688,1.8528508820716012
12,south central,2012,137.90933333333334,303.87043956043954,0.963956043956044,37.909333333333336,1.060530436205731,0.2799504572524069,7,3909.64375,2.4721585929543988,11.357374745658005,4.370814887321759
13,south central,2013,140.99744444444443,311.1247252747253,2.157142857142857,40.99744444444445,2.239232861525764,2.5254520614129685,7,4003.579166666667,2.402659236322169,14.032912995310436,6.878489911236703
14,south central,2014,146.45555555555555,324.01703296703295,3.7547252747252746,46.45555555555555,3.871070949276456,6.494285051776681,7,4107.5125,2.5960104448207177,16.99321932720202,9.653066672599063
15,south central,2015,151.8331111111111,336.85604395604395,3.577142857142857,51.83311111111109,3.67180031864045,10.4045425496417,7,4186.4875,1.922696522530365,19.242643886802465,11.761362372361038
16,south central,2016,157.16444444444443,349.7983516483517,3.572637362637362,57.16444444444443,3.5113113959917897,14.281189833879882,7,4219.820833333333,0.7962124175298069,20.192068624420028,12.65122021757026
17,south central,2017,163.30277777777778,364.0789010989011,3.871428571428571,63.30277777777778,3.9056755839602,18.744642362280928,7,4280.15,1.4296618043617482,21.910408721415624,14.261751685168305
18,south central,2018,169.86322222222222,379.07142857142856,3.851098901098901,69.86322222222222,4.017350184558333,23.515030471375155,7,4367.827083333334,2.048458192664593,24.407692476580365,16.602355898645214
19,south central,2019,176.36411111111113,393.8397802197802,3.703076923076923,76.36411111111113,3.827131502535708,28.24211311291174,7,4448.735416666666,1.852370338607523,26.7121836709626,18.762263353429304
20,south central,2020,182.17655555555555,406.80285714285714,3.2923076923076926,82.17655555555555,3.2957070505021946,32.46859747648698,7,4247.839583333333,-4.515796389704374,20.990119455433703,13.399201352583944
