,one-digit ZIP,Year,HPI with 2000 base,HPI,Annual Change (%),Percent change since 2000,HPI year by year percent change since 2000,Percent change since 2010,zip,employment_by_thosands,percent_change,employment percent change since 2000,employment percent change since 2010
0,western,2000,100.0,302.51041095890406,4.542465753424658,0.0,-45.10819479759866,-27.844721841402706,8,1157.6464285714285,,0.0,-5.738621823455048
1,western,2001,105.6545205479452,320.48958904109594,5.654520547945206,5.6545205479451965,5.6545205479451965,-23.764686811497803,8,1170.7452380952382,1.131503471226014,1.1315034712260128,-4.672051057361962
2,western,2002,109.88986301369864,333.4909589041096,3.990684931506849,9.88986301369863,4.008671322143265,-20.70866367436422,8,1165.5464285714286,-0.4440598479194202,0.6824190707130617,-5.0953642024613455
3,western,2003,113.61410958904108,343.8945205479452,3.358767123287671,13.614109589041092,3.389071997367221,-18.02142319861383,8,1173.0404761904765,0.6429643157358278,1.329771097557354,-4.4851612603041175
4,western,2004,122.69068493150684,371.0043835616438,7.793561643835617,22.69068493150685,7.98895082247888,-11.472195012983008,8,1207.6845238095236,2.953354834912103,4.322398791472428,-1.664269152326815
5,western,2005,140.38479452054796,422.8926027397261,13.943287671232875,40.38479452054796,14.421722071988595,1.295038978676638,8,1255.9309523809522,3.994952955034981,8.490029544755725,2.264197033027544
6,western,2006,157.37849315068493,471.4350684931507,11.862328767123287,57.37849315068493,12.105084947536549,13.556889494685713,8,1306.9238095238095,4.0601640596711785,12.894902732658531,6.416291206873838
7,western,2007,165.0045205479452,490.9402739726027,5.176849315068494,65.00452054794519,4.845660448634859,19.059470775629688,8,1334.553571428571,2.1141065533750503,15.281621269756062,8.666044993137046
8,western,2008,160.68575342465752,475.66397260273976,-2.1187671232876717,60.68575342465752,-2.6173629116014285,15.94325234479942,8,1325.8976190476192,-0.6486028411498257,14.533901398876845,7.961233937946412
9,western,2009,149.02931506849313,439.0546575342465,-6.963013698630137,49.02931506849313,-7.254182843054513,7.53251682552358,8,1245.882142857143,-6.034815587643228,7.621991664121497,1.4459725636472476
10,western,2010,138.59,407.29068493150686,-6.990821917808219,38.59,-7.004873546989909,0.0,8,1228.123809523809,-1.4253622170560254,6.087988457697926,0.0
11,western,2011,131.2827397260274,385.40342465753423,-5.443287671232877,31.282739726027387,-5.272573976457617,-5.272573976457621,8,1243.2392857142856,1.2307778803129832,7.393695953304273,1.2307778803129938
12,western,2012,131.50602739726028,385.89109589041095,0.2656164383561644,31.506027397260283,0.1700815139133116,-5.11146013618567,8,1269.5142857142855,2.113430640578917,9.66338722963156,3.370220157731906
13,western,2013,137.13123287671232,404.47657534246576,4.683424657534246,37.13123287671232,4.27752673454207,-1.0525774754943975,8,1300.8857142857144,2.4711363176017853,12.373319018575264,5.924639209634542
14,western,2014,144.6395890410959,430.9269863013699,5.897808219178082,44.63958904109589,5.475307125061701,4.3650978000547545,8,1335.2369047619047,2.6406001771686505,15.340649079670063,8.721685420269417
15,western,2015,151.77945205479452,455.40712328767125,5.046164383561644,51.77945205479452,4.936313122177083,9.51688581773181,8,1372.2499999999998,2.772024582760846,18.537920226074444,11.735477266911202
16,western,2016,160.07780821917808,485.0845205479452,5.58,60.07780821917809,5.467377864421152,15.504587790733876,8,1405.7452380952382,2.4408991142458314,21.431311270918123,14.462827541817584
17,western,2017,169.79698630136986,517.6932876712328,6.128219178082192,69.79698630136986,6.071533706211363,22.51748777066877,8,1438.9499999999998,2.362075360806748,24.299610354753018,17.16652578846557
18,western,2018,181.4495890410959,557.0530136986301,6.81972602739726,81.44958904109589,6.862667585303317,30.925455690234426,8,1478.6142857142856,2.7564742148292742,27.72589706331504,20.396190860235915
19,western,2019,192.71534246575345,592.3153424657534,6.17013698630137,92.71534246575342,6.208751138094892,39.054291410457765,8,1516.760714285714,2.579876911780321,31.021067992015816,23.50226439090212
20,western,2020,201.93890410958903,619.0072602739726,4.835616438356165,101.93890410958906,4.786106557901437,45.709577970697055,8,1450.178571428571,-4.389759190756615,25.26955861800883,18.080812389009964
